1999, 4585743

2000, 4454948
2000, 3915835
2000, 4469294
2000, 4017524
2000, 4029665
2000, 4236755
2000, 4520399
2000, 5013489
2000, 4770950
2000, 4884270
2000, 5328457
2000, 5451085

2001, 5466079
2001, 5096095
2001, 5971608
2001, 5257542
2001, 5613988
2001, 6300898
2001, 6441846
2001, 6794374
2001, 6207468
2001, 6460586
2001, 7051292
2001, 7363876

2002, 7367959
2002, 6675243
2002, 7718356
2002, 6770104
2002, 7349410
2002, 7799468
2002, 8198696
2002, 8581773
2002, 7912350
2002, 8064071
2002, 8574419
2002, 8482132

2003, 8507513
2003, 7713509
2003, 8538044
2003, 7198802
2003, 7613331
2003, 8389649
2003, 8816520
2003, 9053085
2003, 8935394
2003, 8878402
2003, 9246041
2003, 9458407

2004, 9157683
2004, 8876415
2004, 9471957
2004, 8324894
2004, 9253209
2004, 9904816
2004, 10387786
2004, 10111236
2004, 9829292
2004, 9736271
2004, 10454794
2004, 10173095

2005, 10181516
2005, 9223454
2005, 10884480
2005, 9036912
2005, 9854319
2005, 10914039
2005, 10735889
2005, 11292852
2005, 10774389
2005, 10697773
2005, 11682804
2005, 12071657

2006, 11532519
2006, 10665446
2006, 12628541
2006, 10133987
2006, 11300664
2006, 12067062
2006, 12312414
2006, 12617203
2006, 11410102
2006, 11752087
2006, 12004291
2006, 11624533

2007, 11175939
2007, 10659843
2007, 11496036
2007, 9622967
2007, 10660186
2007, 11138186
2007, 11184445
2007, 11391791
2007, 10854799
2007, 11325870
2007, 11663120
2007, 10897320

2008, 11267371
2008, 10846156
2008, 12032367
2008, 10366739
2008, 10930375
2008, 11647620
2008, 11679567
2008, 11838300
2008, 11071320
2008, 11976189
2008, 11647462
2008, 11046541

2009, 10990138
2009, 10372901
2009, 12372648
2009, 10500829
2009, 11110654
2009, 12269615
2009, 11502001
2009, 12118293
2009, 11827626
2009, 12559220
2009, 12699887
2009, 12634157

2010, 12355949
2010, 11862466
2010, 13033511
2010, 9500859
2010, 6651929
2010, 12246670
2010, 12471248
2010, 12665313
2010, 12645925
2010, 13173405
2010, 13306413
2010, 13189283

2011, 12834282
2011, 12057577
2011, 14446555
2011, 12288263
2011, 12933305
2011, 14209653
2011, 14291257
2011, 15657342
2011, 15163713
2011, 14243396
2011, 13484379
2011, 15738348

2012, 15550730
2012, 15675438
2012, 16808551
2012, 14830820
2012, 15770635
2012, 15793898
2012, 16708952
2012, 16582757
2012, 16081386
2012, 16780587
2012, 16981454
2012, 16547860

2013, 16963328
2013, 15558348
2013, 18585107
2013, 16093002
2013, 17008360
2013, 17169349
2013, 17658955
2013, 18610028
2013, 17256273
2013, 18149207
2013, 18423715
2013, 17289299

2014, 19862660
2014, 18691403
2014, 18530048
2014, 16746945
2014, 17249385
2014, 17282436
2014, 18136104
2014, 18407367
2014, 18099020
2014, 18939493
2014, 18714014
2014, 18763492

2015, 18632116
2015, 17851582
2015, 19904455
2015, 17990474
2015, 18462711
2015, 19433834
2015, 20186771
2015, 19249095
2015, 19066402
2015, 19746844
2015, 19831415
2015, 19497894

2016, 19382612
2016, 18948373
2016, 20740242
2016, 17809615
2016, 18471103
2016, 20190227
2016, 20206492
2016, 21240458
2016, 20269768
2016, 19889669
2016, 20016026
2016, 19882850

2017, 19685157
2017, 18906338
2017, 21469176
2017, 18197128
2017, 19303645
2017, 20541021
2017, 20178041
2017, 21402153
2017, 20600395
2017, 19352649
2017, 21078853
2017, 20352638

2018, 20182918
2018, 19137720
2018, 20861139
2018, 17874684
2018, 19292454
2018, 19979712
2018, 19728982
2018, 21548827
2018, 19948031
2018, 20094644

